0|[0, 1, 2, 3, 4, 5]
1|[0, 1, 2, 3, 4, 5, 6, 7, 8]
2|[0, 1, 2, 3, 4, 5, 6, 7, 8, 9, 77, 78]
3|[0, 1, 2, 3, 4, 5, 6, 7, 8, 9, 10, 61, 77, 78]
4|[0, 1, 2, 3, 4, 5, 6, 7, 8, 9, 10, 60, 61, 63, 73, 77, 78]
5|[0, 1, 2, 3, 4, 5, 6, 7, 8, 9, 10, 12, 60, 61, 77, 78]
6|[1, 2, 3, 4, 5, 6, 7, 8, 9, 10, 11, 12, 58, 59, 60, 61, 77, 78]
7|[1, 2, 3, 4, 5, 6, 7, 8, 9, 10, 11, 12, 57, 58, 59, 60, 61, 62, 63, 73, 77, 78]
8|[1, 2, 3, 4, 5, 6, 7, 8, 9, 10, 11, 12, 58, 59, 60, 61, 62, 63, 78]
9|[2, 3, 4, 5, 6, 7, 8, 9, 10, 11, 12, 13, 58, 59, 60, 61, 62, 78]
10|[3, 4, 5, 6, 7, 8, 9, 10, 11, 12, 13, 57, 58, 59, 60, 61]
11|[6, 7, 8, 9, 10, 11, 12, 13, 14, 57, 58, 59, 60, 61]
12|[5, 6, 7, 8, 9, 10, 11, 12, 13, 14, 57, 58, 59, 60, 61, 80]
13|[9, 10, 11, 12, 13, 14, 15, 80]
14|[11, 12, 13, 14, 15, 16, 17]
15|[13, 14, 15, 16, 17]
16|[14, 15, 16, 17, 18, 19, 20]
17|[14, 15, 16, 17, 18, 19, 20]
18|[16, 17, 18, 19, 20]
19|[16, 17, 18, 19, 20, 21]
20|[16, 17, 18, 19, 20, 21]
21|[19, 20, 21, 22]
22|[21, 22]
23|[23, 24]
24|[23, 24, 25, 26, 27]
25|[24, 25, 26, 27, 28, 29, 54, 55, 56, 81, 82, 83, 84, 85]
26|[24, 25, 26, 27, 28, 29, 30, 52, 53, 54, 55, 56, 57, 82, 83, 84, 85]
27|[24, 25, 26, 27, 28, 29, 30, 31, 51, 52, 53, 54, 55, 56, 57, 58, 81, 82, 83, 84, 85]
28|[25, 26, 27, 28, 29, 30, 31, 32, 51, 52, 53, 54, 55, 56, 57, 58, 82, 83, 84, 85]
29|[25, 26, 27, 28, 29, 30, 31, 32, 33, 34, 50, 51, 52, 53, 54, 55, 56, 57, 58, 82, 85]
30|[26, 27, 28, 29, 30, 31, 32, 33, 34, 49, 50, 51, 52, 53, 54, 55, 56, 57]
31|[27, 28, 29, 30, 31, 32, 33, 34, 49, 50, 51, 52, 53, 54, 55]
32|[28, 29, 30, 31, 32, 33, 34, 35, 48, 49, 50, 51, 52, 53, 54]
33|[29, 30, 31, 32, 33, 34, 35, 36, 47, 48, 49, 50, 51, 52, 53]
34|[29, 30, 31, 32, 33, 34, 35, 36, 37, 46, 47, 48, 49, 50, 51, 52, 53, 54]
35|[32, 33, 34, 35, 36, 37, 46, 47, 48, 49, 50, 51, 52, 53]
36|[33, 34, 35, 36, 37, 38, 39, 46, 47, 48, 49, 50, 51, 52]
37|[34, 35, 36, 37, 38, 39, 48, 49]
38|[36, 37, 38, 39, 40]
39|[36, 37, 38, 39, 40, 41, 44, 45, 48]
40|[38, 39, 40, 41, 42, 43, 44, 45, 46, 47]
41|[39, 40, 41, 42, 43, 44, 45]
42|[40, 41, 42, 43, 44, 45]
43|[40, 41, 42, 43, 44, 45]
44|[39, 40, 41, 42, 43, 44, 45, 46]
45|[39, 40, 41, 42, 43, 44, 45, 46, 47, 48, 49, 89, 90, 91]
46|[34, 35, 36, 40, 44, 45, 46, 47, 48, 49]
47|[33, 34, 35, 36, 40, 45, 46, 47, 48, 49, 50, 51, 90, 91, 92, 94]
48|[32, 33, 34, 35, 36, 37, 39, 45, 46, 47, 48, 49, 50, 51, 52, 90, 91, 92, 93, 94]
49|[30, 31, 32, 33, 34, 35, 36, 37, 45, 46, 47, 48, 49, 50, 51, 52, 53]
50|[29, 30, 31, 32, 33, 34, 35, 36, 47, 48, 49, 50, 51, 52, 53]
51|[27, 28, 29, 30, 31, 32, 33, 34, 35, 36, 47, 48, 49, 50, 51, 52, 53, 54, 55, 56]
52|[26, 27, 28, 29, 30, 31, 32, 33, 34, 35, 36, 48, 49, 50, 51, 52, 53, 54, 55, 56, 85]
53|[26, 27, 28, 29, 30, 31, 32, 33, 34, 35, 49, 50, 51, 52, 53, 54, 55, 56, 57, 58, 82, 84, 85]
54|[25, 26, 27, 28, 29, 30, 31, 32, 34, 51, 52, 53, 54, 55, 56, 57, 58, 59, 73, 74, 75, 82, 83, 84, 85]
55|[25, 26, 27, 28, 29, 30, 31, 51, 52, 53, 54, 55, 56, 57, 58, 59, 60, 61, 62, 63, 73, 74, 75, 81, 82, 83, 84, 85]
56|[25, 26, 27, 28, 29, 30, 51, 52, 53, 54, 55, 56, 57, 58, 59, 60, 61, 62, 63, 73, 74, 75, 81, 82, 83, 84, 85]
57|[7, 10, 11, 12, 26, 27, 28, 29, 30, 53, 54, 55, 56, 57, 58, 59, 60, 61, 62, 63, 73, 74, 75, 82]
58|[6, 7, 8, 9, 10, 11, 12, 27, 28, 29, 53, 54, 55, 56, 57, 58, 59, 60, 61, 62, 63, 73, 74, 75]
59|[6, 7, 8, 9, 10, 11, 12, 54, 55, 56, 57, 58, 59, 60, 61, 62, 63]
60|[4, 5, 6, 7, 8, 9, 10, 11, 12, 55, 56, 57, 58, 59, 60, 61, 62, 63, 73, 75]
61|[3, 4, 5, 6, 7, 8, 9, 10, 11, 12, 55, 56, 57, 58, 59, 60, 61, 62, 63, 73, 75]
62|[7, 8, 9, 55, 56, 57, 58, 59, 60, 61, 62, 63, 72, 73]
63|[4, 7, 8, 55, 56, 57, 58, 59, 60, 61, 62, 63, 71, 72, 73, 74, 75]
64|[64, 65]
65|[64, 65, 66, 67, 69]
66|[65, 66, 67, 68, 69]
67|[65, 66, 67, 68, 69]
68|[66, 67, 68, 69]
69|[65, 66, 67, 68, 69]
70|[70, 71, 72, 73, 74]
71|[63, 70, 71, 72, 73, 74]
72|[62, 63, 70, 71, 72, 73, 74]
73|[4, 7, 54, 55, 56, 57, 58, 60, 61, 62, 63, 70, 71, 72, 73, 74, 75, 76, 77]
74|[54, 55, 56, 57, 58, 63, 70, 71, 72, 73, 74, 75, 76, 77, 78]
75|[54, 55, 56, 57, 58, 60, 61, 63, 73, 74, 75, 76, 77, 78, 80]
76|[73, 74, 75, 76, 77, 78]
77|[2, 3, 4, 5, 6, 7, 73, 74, 75, 76, 77, 78, 79]
78|[2, 3, 4, 5, 6, 7, 8, 9, 74, 75, 76, 77, 78, 79, 80]
79|[77, 78, 79, 80]
80|[12, 13, 75, 78, 79, 80, 81, 82]
81|[25, 27, 55, 56, 80, 81, 82, 83, 84, 85]
82|[25, 26, 27, 28, 29, 53, 54, 55, 56, 57, 80, 81, 82, 83, 84, 85]
83|[25, 26, 27, 28, 54, 55, 56, 81, 82, 83, 84, 85, 86]
84|[25, 26, 27, 28, 53, 54, 55, 56, 81, 82, 83, 84, 85, 86, 87]
85|[25, 26, 27, 28, 29, 52, 53, 54, 55, 56, 81, 82, 83, 84, 85, 86, 87, 88, 89]
86|[83, 84, 85, 86, 87, 88, 89, 90]
87|[84, 85, 86, 87, 88, 89, 90, 91]
88|[85, 86, 87, 88, 89, 90, 91]
89|[45, 85, 86, 87, 88, 89, 90, 91, 92, 93]
90|[45, 47, 48, 86, 87, 88, 89, 90, 91, 92, 93, 94]
91|[45, 47, 48, 87, 88, 89, 90, 91, 92, 93, 94]
92|[47, 48, 89, 90, 91, 92, 93, 94]
93|[48, 89, 90, 91, 92, 93, 94]
94|[47, 48, 90, 91, 92, 93, 94, 95]
95|[94, 95, 96]
96|[95, 96, 97, 98]
97|[96, 97, 98, 99]
98|[96, 97, 98, 99]
99|[97, 98, 99]
